100 100
0000000000000000000000000000000000000000000000000000000000000000000000000000000000000000000000000000
0000000000000000000000000000000000000000000000000000000000000000000000000000000000000000000000000000
0000000000000000000000000000000000000000000000000000000000000000000000000000000000000000000000000000
0000000000000000000000000000000000000000000000000000000000000000000000000000000000000000000000000000
0000000000000000000000000000000000000000000000000000000000000000000000000000000000000000000000000000
0000000000000000000000000000000000000000000000000000000000000000000000000000000000000000000000000000
0000000000000000000000000000000000000000000000000000000000000000000000000000000000000000000000000000
0000000000000000000000000000000000000000000000000000000000000000000000000000000000000000000000000000
0000000000000000000000000000000000000000000000000000000000000000000000000000000000000000000000000000
0000000000000000000000000000000000000000000000000000000000000000000000000000000000000000000000000000
0000000000000000000000000000000000000000000000000000000000000000000000000000000000000000000000000000
0000000000000000000000000000000000000000000000000000000000000000000000000000000000000000000000000000
0000000000000000000000000000000000000000000000000000000000000000000000000000000000000000000000000000
0000000000000000000000000000000000000000000000000000000000000000000000000000000000000000000000000000
0000000000000000000000000000000000000000000000000000000000000000000000000000000000000000000000000000
0000000000000000000000000000000000000000000000000000000000000000000000000000000000000000000000000000
0000000000000000000000000000000000000000000000000000000000000000000000000000000000000000000000000000
0000000000000000000000000000000000000000000000000000000000000000000000000000000000000000000000000000
0000000000000000000000000000000000000000000000000000000000000000000000000000000000000000000000000000
0000000000000000000000000000000000000000000000000000000000000000000000000000000000000000000000000000
0000000000000000000000000000000000000000000000000000000000000000000000000000000000000000000000000000
0000000000000000000000000000000000000000000000000000000000000000000000000000000000000000000000000000
0000000000000000000000000000000000000000000110111111101100000000000000000000000000000000000000000000
0000000000000000000000000000000000000001111110100001101111100000000000000000000000000000000000000000
0000000000000000000000000000000000111110000110100001101111111111100000000000000000000000000000000000
0000000000000000000000000000011111000000000110100001101100000000111110000000000000000000000000000000
0000000000000000000000000011100000000000000110100001101100000000000001111000000000000000000000000000
0000000000000000000000001100000000000000000110100001101100000000000000001110000000000000000000000000
0000000000000000000000110000000000000000000110100001101100000000000000000011000000000000000000000000
0000000000000000000011000000000000000000000110100001101100000000000000000000111000000000000000000000
0000000000000000000010000000000000000000000110100001101100000000000000000000011000000000000000000000
0000000000000000001100000000000000000000000110100001101100000000000000000000001100000000000000000000
0000000000000000011100000000000000000000000110100001101100000000000000000000000110000000000000000000
0000000000000000011000000000000000000000000110100001101100000000000000000000000011000000000000000000
0000000000000000011000000000000000000000000111111111111100000000000000000000000011000000000000000000
0000000000000001100000000000000000000000000000000000000000000000000000000000000001100000000000000000
0000000000000001100000000000000000000000000000000000000000000000000000000000000001100000000000000000
0000000000000001100000000000000000000000000000000000000000000000000000000000000001100000000000000000
0000000000000001100000000000000000000000000000000000000000000000000000000000000111100000000000000000
0000000000000000011110000000000000000000000000000000000000000000000000000000011111000000000000000000
0000000000000000011111100000000000000000000000000000000000000000000000000000111111000000000000000000
0000000000000000011111100000000000000000000000000000000000000000000000000000111111000000000000000000
0000000000000000011111100000000000000000000000000000000000000000000000000000111111000000000000000000
0000000000000011111111111111111111111111111111111111111111111111111111111111111111111000000000000000
0000000000000011111111111111111111111111111111111111111111111111111111111111111111111000000000000000
0000000000000011111111111111111111111111111111111111111111111111111111111111111111111000000000000000
0000000000000110100000000000000000000000000000000000000000000000000000000000000001101100000000000000
0000000000111110100001111111111111111111111111111111111111111111111111111111110001101111100000000000
0000000000110110100011111111111111111111111111111111111111111111111111111111111001101111100000000000
0000000001110110100011111111111111111111111111111111111111111111111111111111111001101111110000000000
0000000001110110100011111111111111110000000111111111111000000001111111111111111001101111110000000000
0000000001110110100011111111111000000000000001111111110000000000000011111111111001101101110000000000
0000000000110110100001111111000000000000000001111111110000000000000000011111100001101101000000000000
0000000000111110100000000000000000000000000001111111110000000000000000000011100001101111000000000000
0000000000000110011000000000000000000000000001111111110000000000000000000000000011001100000000000000
0000000000000110001100000000000000000000000000111111100000000000000000000000001100001100000000000000
0000000000000110001111000000000000000000000000111111100000000000000000000000111100001100000000000000
0000000000000110001100010000000000000000000000111111100000000000000000000011001100001100000000000000
0000000000000110000100001000000000000000000000111111100000000000000000000110001100001100000000000000
0000000000000110000100000010000000000000000001111111100000000000000000011000001100001100000000000000
0000000000000110000100000000100000000000000111111111111000000000000001100000001100001100000000000000
0000000000000110000100000000100000000000011111111111111111000000000001100000001100001100000000000000
0000000000000110010011110001000000000001111111111111111111111000000001110001111111101100000000000000
0000000000001001000000001111000000011111111111000000011111111111000000111110000000010110000000000000
0000000001110100000000000011000000111111110000000000000001111111100000110000000000001111100000000000
0000000001001000000000000110001111000000000000000000000000000000011110001100000000000110110000000000
0000000110010000000000000111100000000000000000000000000000000000000001111100000000000001011000000000
0000000110010000000000011000000000000000000000000000000000000000000000000111000000000001011000000000
0000000110010000000010000000000000000000000000000000000000000000000000000000011000000001011000000000
0000000110110000000100000000000000000000000000000000000000000000000000000000001100000001011000000000
0000000001110000000100000000000000000000000000000000000000000000000000000000000100000011110000000000
0000000001111000011000000000000000000000000000011111000000000000000000000000000011000111110000000000
0000000000001100011000000000000000000000000001000000011000000000000000000000000011000110000000000000
0000000000000110011000000000000000000000000111111111111100000000000000000000000011011100000000000000
0000000000000001111000000000011111111111111111111111111111111111111111000000000011110000000000000000
0000000000000000011000000001000111111100001111111111111110000111111100110000000011000000000000000000
0000000000000000011100000010011111111110001101111111110110011111111110001100000111000000000000000000
0000000000000000001100000110011111111110001100001100000110011111111110001100001100000000000000000000
0000000000000000000011000001000111111100110111111111111101000111111100110000011000000000000000000000
0000000000000000000001111000111111111111101110000000001100111111111111100011100000000000000000000000
0000000000000000000000011111000000000001111000000000000011110000000000111111000000000000000000000000
0000000000000000000000000000111111111110000000000000000000011111111111100000000000000000000000000000
0000000000000000000000000000000000000000000000000000000000000000000000000000000000000000000000000000
0000000000000000000000000000000000000000000000000000000000000000000000000000000000000000000000000000
0000000000000000000000000000000000000000000000000000000000000000000000000000000000000000000000000000
0000000000000000000000000000000000000000000000000000000000000000000000000000000000000000000000000000
0000000000000000000000000000000000000000000000000000000000000000000000000000000000000000000000000000
0000000000000000000000000000000000000000000000000000000000000000000000000000000000000000000000000000
0000000000000000000000000000000000000000000000000000000000000000000000000000000000000000000000000000
0000000000000000000000000000000000000000000000000000000000000000000000000000000000000000000000000000
0000000000000000000000000000000000000000000000000000000000000000000000000000000000000000000000000000
0000000000000000000000000000000000000000000000000000000000000000000000000000000000000000000000000000
0000000000000000000000000000000000000000000000000000000000000000000000000000000000000000000000000000
0000000000000000000000000000000000000000000000000000000000000000000000000000000000000000000000000000
0000000000000000000000000000000000000000000000000000000000000000000000000000000000000000000000000000
0000000000000000000000000000000000000000000000000000000000000000000000000000000000000000000000000000
0000000000000000000000000000000000000000000000000000000000000000000000000000000000000000000000000000
0000000000000000000000000000000000000000000000000000000000000000000000000000000000000000000000000000
0000000000000000000000000000000000000000000000000000000000000000000000000000000000000000000000000000
0000000000000000000000000000000000000000000000000000000000000000000000000000000000000000000000000000
